9
0.001
12.0 -1.0   2.0 -0.5   0.0   1.0 -1.0   0.0   2.0 -1.0
-2.0 15.0 -1.0   1.0   0.5 -0.5   0.0   1.0 -1.0   1.0
1.0 -1.0 18.0   0.0   1.0 -2.0   1.0   1.0 -0.5   0.0
0.5   0.0 -1.0 20.0   0.0   1.0 -1.0   0.0   1.0   0.0
-1.0   0.0   0.0 -1.0 16.0 -1.0   2.0   0.0   0.0   1.0
0.0 -1.0   2.0   0.0   0.0 14.0 -0.5   0.5 -1.0   0.0
1.0   0.5 -1.0   0.5 -1.0 -1.0 17.0   0.0   1.0 -1.0
0.0   0.0   1.0   0.0   0.0   1.0 -1.0 19.0 -0.5   0.0
-1.0   1.0 -1.0   0.0   0.0 -1.0   0.0   1.0 13.0   1.0
